希尔排序（或“递减增量排序”）类似于插入排序，但它将元素向后移动h个位置而不是1个位置。
h的值开始很大，然后慢慢缩小。

http://zh.wikipedia.org/wiki/%E5%B8%8C%E5%B0%94%E6%8E%92%E5%BA%8F
一个更好理解的希尔排序实现：将数组列在一个表中并对列排序（用插入排序）。
重复这过程，不过每次用更长的列来进行。最后整个表就只有一列了。
将数组转换至表是为了更好地理解这算法，算法本身仅仅对原数组进行排序
（通过增加索引的步长，例如是用i += step_size而不是i++）。
例如，假设有这样一组数[ 13 14 94 33 82 25 59 94 65 23 45 27 73 25 39 10 ]，
如果我们以步长为5开始进行排序，我们可以通过将这列表放在有5列的表中来更好地描述算法，
这样他们就应该看起来是这样：
13 14 94 33 82
25 59 94 65 23
45 27 73 25 39
10
然后我们对每列进行排序：
10 14 73 25 23
13 27 94 33 39
25 59 94 65 82
45

当我们以单行来读取数据时我们得到：[ 10 14 73 25 23 13 27 94 33 39 25 59 94 65 82 45 ].
这时10已经移至正确位置了，然后再以3为步长进行排序：
10 14 73
25 23 13
27 94 33
39 25 59
94 65 82
45
排序之后变为：
10 14 13
25 23 33
27 25 59
39 65 73
45 94 82
94
最后以1步长进行排序（此时就是简单的插入排序了）。
